1.8
,0.19
1.7
,0.07
1.1
,-0.65
1
,-0.77
0.9
,-0.89
1
,-0.77
1.1
,-0.65
1.6
,-0.05
1.5
,-0.17
1.1
,-0.65
1.4
,-0.29
1.2
,-0.53
0.6
,-1.25
0.7
,-1.13
0.8
,-1.01
1
,-0.77
1
,-0.77
1.1
,-0.65
0.8
,-1.01
0.6
,-1.25
0.5
,-1.37
0.5
,-1.37
0.2
,-1.74
0.3
,-1.62
0.3
,-1.62
0.3
,-1.62
0.4
,-1.49
0.5
,-1.37
0.4
,-1.49
0.3
,-1.62
0.4
,-1.49
0.5
,-1.37
0.6
,-1.25
0.8
,-1.01
1
,-0.77
1.4
,-0.29
1.7
,0.07
1.5
,-0.17
1.7
,0.07
1.4
,-0.29
1.6
,-0.05
1.9
,0.31
2
,0.43
1.9
,0.31
2.3
,0.79
2.1
,0.55
2.2
,0.67
1.7
,0.07
1.4
,-0.29
1.4
,-0.29
1.4
,-0.29
2
,0.43
2.5
,1.03
2.2
,0.67
2.2
,0.67
2
,0.43
1.6
,-0.05
1.8
,0.19
1.3
,-0.41
1.4
,-0.29
2.5
,1.03
2.3
,0.79
2.2
,0.67
2.1
,0.55
1.5
,-0.17
1.5
,-0.17
1.6
,-0.05
1.8
,0.19
1.8
,0.19
1.9
,0.31
2.1
,0.55
2.2
,0.67
1.9
,0.31
2.5
,1.03
2.6
,1.15
1.9
,0.31
1.7
,0.07
1.9
,0.31
1.9
,0.31
2
,0.43
2.3
,0.79
2.3
,0.79
2.5
,1.03
2.4
,0.91
2.2
,0.67
1.9
,0.31
1.9
,0.31
2.4
,0.91
2.8
,1.39
2.7
,1.27
2.6
,1.15
2.5
,1.03
2.2
,0.67
2.3
,0.79
2.2
,0.67
2.3
,0.79
1.6
,-0.05
1.9
,0.31
2.1
,0.55
2
,0.43
1.7
,0.07
1.8
,0.19
1.8
,0.19
2
,0.43
2.4
,0.91
2
,0.43
1.8
,0.19
1.8
,0.19
2.3
,0.79
2
,0.43
1.7
,0.07
2
,0.43
2.4
,0.91
2.2
,0.67
2.2
,0.67
2.1
,0.55
1.5
,-0.17
1.2
,-0.53
1.6
,-0.05
1.7
,0.07
1.4
,-0.29
1.2
,-0.53
1.2
,-0.53
1.3
,-0.41
1.2
,-0.53
1.3
,-0.41
1.2
,-0.53
1.3
,-0.41
1.6
,-0.05
2.1
,0.55
2.6
,1.15
2.8
,1.39
3.2
,1.88
3.2
,1.88
3.5
,2.24
3.4
,2.12
3.7
,2.48
4
,2.84
4
,2.84
3.5
,2.24
3.4
,2.12
3
,1.64
1.9
,0.31
1.2
,-0.53
0.8
,-1.01
1
,-0.77
0.4
,-1.49
0.1
,-1.86
-0.3
,-2.34
-0.6
,-2.7
-0.8
,-2.94
-0.2
,-2.22
-0.4
,-2.46
-0.2
,-2.22
0.5
,-1.37
1
,-0.77
1.2
,-0.53
1.4
,-0.29
1.7
,0.07
1.9
,0.31
1.9
,0.31
1.7
,0.07
1.9
,0.31
1.6
,-0.05
1.8
,0.19
1.8
,0.19
1.8
,0.19
2
,0.43
2
,0.43
1.8
,0.19
2.2
,0.67
2.2
,0.67
2.2
,0.67
2.3
,0.79
2.1
,0.55
2.4
,0.91
2.4
,0.91
2.5
,1.03
2.7
,1.27
2.7
,1.27
2.6
,1.15
2.5
,1.03
2.6
,1.15
2.4
,0.91
2.3
,0.79
2.3
,0.79
2.2
,0.67
2.4
,0.91
2.2
,0.67
2.1
,0.55
1.6
,-0.05
1.5
,-0.17
1.4
,-0.29
1.2
,-0.53
1.1
,-0.65
0.8
,-1.01
0.9
,-0.89
1
,-0.77
1.2
,-0.53
1
,-0.77
1
,-0.77
0.7
,-1.13
0.8
,-1.01
0.8
,-1.01
0.8
,-1.01
1.1
,-0.65
0.7
,-1.13
0.8
,-1.01
0.8
,-1.01
0.6
,-1.25
0.6
,-1.25
0.5
,-1.37
